cli/CommandLine.java
54
65
67
76
78
87
89
91
92
97
99
108
110
120
122
124
134
136
146
148
150
152
155
163
165
166
168
169
171
173
175
179
189
191
203
205
207
229
231
233
235
243
245
275
277
286
288
297
299
cli/ParseException.java
32
34
cli/OptionValidator.java
40
44
46
50
52
54
56
64
66
68
70
85
87
96
98
cli/TypeHandler.java
47
49
61
63
65
67
69
71
73
75
79
81
83
85
87
91
95
97
112
114
116
118
127
129
131
148
158
161
164
180
182
184
220
222
224
240
242
cli/HelpFormatter.java
178
180
254
256
340
343
345
347
391
395
400
402
406
409
411
414
416
418
431
435
439
442
445
448
451
454
474
477
479
485
530
534
536
539
541
545
549
555
557
569
571
573
589
592
594
595
605
607
618
621
623
624
643
647
648
654
655
656
657
658
660
662
664
665
667
669
674
677
679
684
686
688
696
697
700
702
704
705
707
709
712
714
716
718
721
723
725
729
743
746
748
750
752
754
758
760
762
763
765
767
769
772
789
791
794
797
799
801
806
808
810
813
817
819
824
826
829
832
842
844
846
848
851
861
863
868
870
872
875
900
902
903
905
cli/OptionGroup.java
44
48
50
66
69
78
84
86
90
107
109
117
119
126
128
130
132
134
136
138
140
141
149
150
152
154
158
160
cli/GnuParser.java
37
39
61
64
66
67
69
71
73
74
76
78
80
82
85
88
91
93
94
96
98
99
103
108
111
114
119
121
123
124
141
143
159
162
164
166
171
cli/MissingOptionException.java
33
35
cli/PatternOptionBuilder.java
87
89
91
93
95
97
99
101
103
105
109
113
115
117
121
123
136
138
142
145
155
157
159
160
161
162
164
166
168
172
174
176
177
178
181
182
183
184
187
189
195
199
201
202
203
206
209
cli/MissingArgumentException.java
34
36
cli/Options.java
58
69
71
73
75
78
80
86
87
89
92
112
114
116
129
132
134
143
145
148
150
154
156
157
159
162
164
172
174
182
184
188
190
192
194
200
209
211
220
222
224
226
229
240
242
244
255
257
cli/OptionBuilder.java
60
68
70
71
72
73
74
75
79
80
89
91
93
101
103
105
115
117
119
129
131
133
141
143
145
166
168
170
189
191
193
203
205
207
215
217
219
229
231
233
241
243
244
246
286
288
290
299
301
303
315
318
328
331
336
349
353
357
358
359
360
361
362
363
367
370
cli/AlreadySelectedException.java
34
36
cli/Parser.java
67
70
85
89
107
111
129
134
135
136
138
140
142
145
149
152
154
157
159
163
165
171
176
178
180
181
185
192
194
196
201
203
205
208
210
216
217
219
228
230
232
235
237
239
241
244
246
248
251
253
261
267
270
282
287
289
290
293
295
298
314
318
320
323
325
326
330
332
336
337
341
343
360
363
366
368
373
377
379
384
386
388
390
393
397
399
404
cli/Option.java
89
92
105
108
122
127
129
130
133
135
138
139
149
151
159
162
164
167
180
182
190
192
200
202
210
212
220
222
231
233
239
241
249
251
259
261
269
271
289
291
299
301
309
311
319
321
331
333
341
343
352
354
363
365
373
375
383
385
393
395
403
405
410
411
426
429
432
435
438
441
448
452
456
462
474
476
478
483
493
495
510
513
540
542
595
597
600
602
604
606
611
614
616
618
620
626
628
629
630
631
cli/PosixParser.java
49
51
52
53
94
97
98
101
102
105
108
111
113
115
116
121
126
128
130
132
134
136
138
139
144
149
151
155
159
162
170
172
174
176
194
196
210
211
212
222
224
239
241
243
244
278
280
282
284
285
287
289
290
292
294
296
299
305
cli/UnrecognizedOptionException.java
34
36
cli/Util.java
33
35
37
39
41
44
56
58
59
61
62
64
