lang3/concurrent/LazyInitializer.java
95
97
98
99
100
101
106
lang3/text/translate/LookupTranslator.java
lang3/Validate.java
925
950
lang3/time/FastDateFormat.java
lang3/tuple/Pair.java
lang3/exception/ContextedException.java
lang3/builder/EqualsBuilder.java
204
462
464
468
469
470
471
472
473
474
475
476
477
478
479
480
481
482
483
486
743
744
746
805
806
808
836
837
839
898
899
901
lang3/mutable/MutableLong.java
lang3/text/translate/AggregateTranslator.java
lang3/RandomStringUtils.java
236
265
269
270
271
274
278
279
280
284
311
lang3/time/StopWatch.java
lang3/builder/ToStringStyle.java
362
488
489
491
495
496
502
503
509
510
516
517
530
531
537
538
544
545
554
927
928
929
930
932
933
936
939
1337
2003
lang3/reflect/TypeUtils.java
88
92
140
154
155
193
215
219
220
221
226
230
234
237
238
239
240
241
242
243
245
247
260
262
268
273
274
277
279
280
283
287
289
336
338
344
349
353
354
356
357
358
359
361
364
369
370
371
376
379
384
385
386
391
394
397
399
403
406
408
412
471
472
483
552
628
629
639
660
667
724
727
731
732
735
737
739
750
753
755
764
768
771
774
775
776
779
784
801
803
806
807
809
810
811
812
820
822
827
828
1024
1029
1033
1039
1044
1049
1051
1052
1056
1061
1065
1096
lang3/time/DateFormatUtils.java
lang3/mutable/MutableObject.java
lang3/text/translate/NumericEntityUnescaper.java
58
70
71
82
83
85
86
87
88
91
92
96
98
102
105
107
108
109
111
112
116
117
118
119
121
124
127
128
129
130
132
135
lang3/mutable/MutableByte.java
lang3/mutable/MutableBoolean.java
lang3/concurrent/AtomicSafeInitializer.java
74
76
77
78
82
lang3/JavaVersion.java
lang3/tuple/ImmutablePair.java
lang3/mutable/MutableDouble.java
lang3/StringEscapeUtils.java
327
lang3/Range.java
lang3/mutable/MutableShort.java
lang3/text/StrBuilder.java
204
358
379
574
697
1183
1432
1475
1492
1519
1545
1553
1554
1555
1556
1557
1559
1700
1701
1702
1703
1706
1707
1708
1849
1868
1869
2044
2053
2069
2094
2095
2096
2098
2099
2100
2102
2103
2105
2106
2107
2108
2111
2232
2338
2462
2655
2656
2657
2658
2662
2682
2683
2874
2891
lang3/exception/ContextedRuntimeException.java
lang3/mutable/MutableFloat.java
lang3/text/StrSubstitutor.java
308
331
712
713
714
754
755
778
779
780
781
782
783
926
lang3/builder/CompareToBuilder.java
418
420
422
425
426
427
428
429
430
431
432
436
655
656
695
696
699
700
735
736
746
747
749
779
780
815
816
819
820
855
856
859
860
906
907
909
939
940
946
947
949
979
980
986
987
989
lang3/concurrent/MultiBackgroundInitializer.java
210
281
294
309
lang3/text/translate/UnicodeEscaper.java
63
64
73
74
84
85
95
96
105
106
115
116
117
118
119
120
121
122
124
126
lang3/math/IEEE754rUtils.java
104
107
138
141
222
225
256
259
lang3/builder/ToStringBuilder.java
lang3/text/ExtendedMessageFormat.java
168
169
170
171
172
173
175
176
177
180
181
182
183
184
197
200
201
202
203
204
207
306
307
308
309
310
311
312
313
315
316
317
320
346
347
372
373
374
375
376
377
378
382
383
384
385
408
409
410
411
412
413
414
415
416
417
418
419
420
421
422
424
425
426
429
430
431
433
434
435
438
485
486
487
494
495
496
497
528
529
530
lang3/ClassUtils.java
201
205
229
274
299
423
646
647
651
652
655
656
658
659
661
662
664
665
670
671
676
677
916
917
920
921
922
924
925
928
929
930
934
935
962
1113
1115
1124
1125
1127
lang3/CharSequenceUtils.java
lang3/BooleanUtils.java
563
609
730
732
lang3/concurrent/ConcurrentRuntimeException.java
lang3/BitField.java
lang3/mutable/MutableInt.java
lang3/event/EventListenerSupport.java
121
122
144
162
163
178
179
180
188
189
200
201
202
211
212
220
221
224
225
226
227
228
231
238
247
248
252
254
258
266
267
270
271
279
280
289
290
312
313
315
lang3/math/NumberUtils.java
471
481
510
528
533
534
538
541
542
546
549
557
560
561
580
591
592
596
603
604
605
614
615
642
1318
1359
1372
1374
1376
1386
1387
1392
1393
1406
1409
1414
1421
1426
lang3/StringUtils.java
423
660
701
733
825
942
1025
1201
1287
1447
1448
1528
1530
1532
1533
1619
1620
1621
1624
1630
1665
1666
1667
1671
1705
1711
1741
1784
1786
1788
1789
2143
2149
2154
2233
2314
2320
2419
2430
2431
2432
2433
2435
2436
2441
2728
2730
2731
2732
2736
2741
2748
2749
2992
2993
3007
3008
3009
3010
3011
3012
3013
3014
3016
3017
3019
3020
3022
3023
3024
3394
3426
3933
4427
4651
4662
4684
4685
4686
4695
4775
4796
4895
4896
4897
4899
4906
4907
4984
5026
5031
5032
5163
5193
5209
5275
5321
5323
5749
5776
5819
5885
5936
6038
6070
6310
6353
6354
6355
6357
6358
6359
6360
6362
6400
6538
6584
6592
6636
6802
6973
7101
lang3/time/FormatCache.java
lang3/text/StrLookup.java
lang3/time/FastDatePrinter.java
260
381
558
559
560
749
850
856
903
932
934
940
942
943
1146
1188
1189
lang3/math/Fraction.java
190
336
494
513
679
697
778
937
lang3/Conversion.java
104
105
106
107
108
109
112
113
114
115
116
117
120
121
122
123
124
128
129
130
135
137
138
139
162
163
164
165
166
167
168
169
170
171
172
173
178
179
180
181
182
183
184
186
189
191
192
193
195
197
198
199
222
223
224
225
226
227
228
229
230
231
234
235
238
239
240
241
242
243
244
245
246
247
249
251
252
253
254
255
256
257
258
259
447
524
525
527
561
569
634
635
636
637
638
639
642
643
644
645
646
647
648
649
650
651
654
655
660
661
697
698
734
735
769
770
771
772
808
809
844
845
881
882
915
916
949
950
983
984
1017
1018
1054
1055
1196
1197
1402
1403
1442
1443
1479
1480
1481
1482
1483
1485
1522
1523
1626
1661
1662
1692
lang3/text/translate/NumericEntityEscaper.java
44
45
46
47
53
54
63
64
73
74
84
85
95
96
104
105
106
109
110
114
115
116
117
lang3/ObjectUtils.java
279
351
424
449
590
591
592
594
595
596
597
605
680
681
lang3/exception/ExceptionUtils.java
536
651
652
654
lang3/text/StrMatcher.java
lang3/concurrent/ConcurrentException.java
lang3/text/translate/JavaUnicodeEscaper.java
110
111
lang3/time/FastDateParser.java
161
163
189
190
192
193
203
205
228
229
230
312
313
323
324
325
326
327
329
534
660
661
662
664
714
716
717
718
720
721
729
747
749
753
755
lang3/exception/DefaultExceptionContext.java
154
lang3/text/translate/UnicodeUnescaper.java
41
45
50
52
53
54
56
58
lang3/builder/HashCodeBuilder.java
830
832
834
837
838
839
840
841
842
843
844
847
lang3/text/CompositeFormat.java
lang3/concurrent/CallableBackgroundInitializer.java
lang3/text/translate/OctalUnescaper.java
44
46
47
48
49
50
51
55
56
lang3/text/FormattableUtils.java
lang3/text/translate/EntityArrays.java
lang3/concurrent/ConstantInitializer.java
lang3/text/translate/CharSequenceTranslator.java
77
80
121
122
lang3/time/DurationFormatUtils.java
180
181
182
183
184
185
186
199
200
201
202
203
204
205
327
328
329
349
645
647
lang3/CharSetUtils.java
lang3/concurrent/BackgroundInitializer.java
214
218
219
lang3/CharSet.java
lang3/tuple/MutablePair.java
lang3/CharEncoding.java
lang3/reflect/FieldUtils.java
43
44
58
59
60
61
81
84
105
106
107
109
112
124
125
128
147
148
166
167
168
170
171
173
175
176
177
178
180
183
187
198
199
200
211
212
215
216
217
218
219
220
222
224
238
239
255
256
257
259
260
262
278
279
298
299
300
301
304
320
321
340
341
342
343
346
362
363
381
382
383
385
386
388
390
406
407
426
427
428
430
431
432
433
436
452
453
472
473
474
476
477
478
479
482
497
498
516
517
520
523
568
585
586
606
608
609
610
613
630
631
651
653
656
657
659
661
678
679
699
701
704
705
706
707
710
727
728
748
750
753
754
755
756
759
lang3/EnumUtils.java
lang3/text/WordUtils.java
381
382
lang3/time/DateUtils.java
219
778
884
990
1017
1027
1028
1030
1031
1070
1121
1176
1178
1186
1187
1188
1189
1194
1195
1196
1197
1204
1213
1247
1705
1709
1712
1718
lang3/builder/IDKey.java
lang3/SerializationException.java
lang3/CharRange.java
210
287
289
291
307
310
342
lang3/exception/CloneFailedException.java
lang3/reflect/MemberUtils.java
61
62
133
143
144
166
167
168
169
171
172
174
175
176
177
178
182
lang3/tuple/MutableTriple.java
lang3/text/translate/CodePointTranslator.java
40
lang3/SerializationUtils.java
215
310
311
313
314
315
lang3/builder/ReflectionToStringBuilder.java
477
490
510
511
606
lang3/concurrent/AtomicInitializer.java
82
84
85
86
92
lang3/tuple/Triple.java
110
lang3/CharUtils.java
358
lang3/text/StrTokenizer.java
668
1079
lang3/concurrent/TimedSemaphore.java
305
403
405
lang3/reflect/ConstructorUtils.java
lang3/concurrent/ConcurrentUtils.java
204
303
lang3/SystemUtils.java
lang3/AnnotationUtils.java
152
173
177
184
228
242
243
244
245
247
248
250
265
271
274
287
288
289
291
292
294
295
297
298
300
301
303
304
306
307
309
310
312
313
315
325
326
327
329
330
334
344
345
346
348
349
351
352
354
355
357
358
360
361
363
364
366
367
369
lang3/event/EventUtils.java
60
79
111
112
113
115
118
127
128
lang3/ArrayUtils.java
236
240
241
242
243
244
245
246
247
251
253
449
473
491
531
591
691
751
771
854
863
866
867
894
904
905
906
982
983
984
1008
1014
1021
1022
1023
1053
1060
1061
1062
1131
1164
1170
1177
1178
1179
1235
1253
1289
1307
1325
1343
1405
1428
1497
1520
1589
1689
1800
1803
1966
2068
2113
2174
2553
2695
2717
2737
2761
2763
2783
2785
2805
2831
2849
2850
2851
2852
2853
2855
2856
2857
2858
2860
2873
2875
2919
2921
2967
2987
3009
3011
3035
3055
3077
3079
3101
3105
3106
3107
3109
3123
3125
3145
3147
3169
3191
3193
3213
3453
3469
3470
3471
3498
3500
3527
3529
3556
3558
3587
3616
3643
3645
3672
3674
3701
3703
3747
4025
4026
4028
4032
4382
4770
5000
5001
5002
5004
5005
5006
5007
5008
5010
5013
5014
5015
5016
5017
5018
5019
5020
5022
5025
5028
5093
5112
5201
5290
5379
5468
5557
5646
5679
5680
5731
5783
5815
5816
5822
lang3/LocaleUtils.java
102
109
110
112
113
115
116
118
133
134
135
137
138
139
141
142
144
145
147
148
150
299
lang3/reflect/MethodUtils.java
196
378
379
382
386
387
390
403
405
406
407
408
409
411
434
436
439
442
443
445
446
449
450
458
459
469
507
508
512
517
lang3/builder/StandardToStringStyle.java
lang3/tuple/ImmutableTriple.java
lang3/concurrent/BasicThreadFactory.java
115
116
117
119
122
123
124
125
127
138
139
148
149
160
161
170
171
180
181
191
192
205
206
208
219
221
222
223
226
227
230
231
234
235
282
283
284
288
289
300
301
302
306
307
318
319
320
330
331
332
344
346
347
351
352
361
362
363
364
365
366
378
379
380
