lang3/ClassUtils.java
111
112
151
152
154
168
169
171
187
188
191
194
195
196
197
200
201
204
205
209
210
211
212
213
214
216
228
229
231
244
245
247
260
261
263
273
274
276
289
290
294
295
298
299
302
303
304
306
319
320
322
323
324
325
326
328
345
346
349
350
352
362
363
365
366
367
371
390
391
393
394
395
396
398
401
417
418
420
421
422
423
425
428
470
506
507
509
510
512
513
515
516
517
520
534
535
537
551
586
617
618
621
622
625
626
627
628
632
633
634
639
640
642
643
644
646
647
651
652
655
656
658
659
661
662
664
665
670
671
676
677
686
702
703
704
706
720
721
724
725
728
729
730
732
752
770
771
774
775
778
779
780
782
795
814
815
816
817
818
820
822
825
827
828
829
837
869
884
885
886
915
916
917
920
921
922
924
925
928
929
930
934
935
951
952
953
954
955
956
957
958
960
961
962
964
966
968
982
983
984
985
987
988
989
991
1005
1006
1008
1019
1022
1035
1049
1050
1052
1063
1066
1080
1100
1101
1104
1105
1106
1107
1109
1110
1112
1113
1115
1119
1120
1123
1124
1125
1127
lang3/event/EventUtils.java
49
50
52
60
77
79
111
112
113
115
118
128
lang3/concurrent/BasicThreadFactory.java
139
149
161
171
181
192
205
206
208
221
222
223
226
227
230
231
234
235
283
284
288
289
301
302
306
307
319
320
331
332
346
347
351
352
362
363
364
365
366
376
378
379
380
lang3/AnnotationUtils.java
73
74
75
79
80
83
90
92
95
123
124
126
127
129
130
131
132
133
136
137
138
140
141
142
143
152
168
169
170
171
172
173
177
184
196
197
198
201
202
209
224
227
228
230
243
244
245
247
248
250
264
265
267
270
271
273
274
276
288
289
291
292
294
295
297
298
300
301
303
304
306
307
309
310
312
313
315
326
327
329
330
334
345
346
348
349
351
352
354
355
357
358
360
361
363
364
366
367
369
lang3/CharRange.java
89
101
114
127
138
147
159
171
183
184
186
187
188
190
192
193
195
209
210
212
213
215
216
224
226
234
236
237
238
239
241
242
243
244
246
248
260
262
285
305
306
307
308
309
310
312
315
317
318
320
329
331
339
341
342
344
345
346
lang3/Validate.java
105
106
130
131
154
155
179
180
203
221
222
224
247
248
250
251
253
273
296
297
299
300
302
322
345
346
348
349
351
371
394
395
397
398
400
421
447
448
450
451
453
476
506
507
508
509
510
513
538
568
569
570
571
572
573
576
601
629
630
631
633
660
688
689
690
692
716
745
746
747
749
777
850
851
874
875
899
900
924
925
949
950
974
975
1000
1001
1025
1026
1051
1052
1076
1077
lang3/tuple/MutableTriple.java
57
87
96
102
104
113
119
121
130
lang3/mutable/MutableBoolean.java
79
88
97
99
110
120
130
141
153
155
156
158
166
168
179
181
182
191
193
lang3/math/NumberUtils.java
100
122
124
125
127
149
170
171
173
174
176
199
222
223
225
226
228
251
274
275
277
278
280
303
325
327
328
330
352
374
376
377
379
451
452
454
455
459
461
462
463
467
469
472
474
476
477
478
479
480
490
492
494
496
499
501
503
505
507
509
510
511
513
516
517
521
524
525
529
532
535
536
537
540
549
550
551
552
557
558
564
570
571
573
577
578
582
583
587
591
592
593
594
595
600
601
602
603
609
621
624
625
626
629
643
644
646
659
660
662
676
677
680
694
695
697
711
712
715
717
718
719
722
723
725
728
732
733
746
747
750
751
753
758
760
775
778
779
780
781
785
798
801
802
803
804
808
821
824
825
826
827
831
844
847
848
849
850
854
868
871
872
873
874
876
877
881
895
898
899
900
903
904
908
923
926
927
928
929
933
946
949
950
951
952
956
969
972
973
974
975
979
992
995
996
997
998
1002
1016
1019
1020
1021
1022
1024
1025
1029
1043
1046
1047
1048
1049
1051
1052
1056
1066
1067
1068
1069
1084
1085
1087
1088
1090
1102
1103
1105
1106
1108
1120
1121
1123
1124
1126
1138
1139
1141
1142
1144
1160
1176
1190
1191
1193
1194
1196
1208
1209
1211
1212
1214
1226
1227
1229
1230
1232
1244
1245
1247
1248
1250
1266
1282
1297
1298
1300
1301
1302
1305
1322
1323
1325
1326
1327
1328
1329
1330
1332
1333
1334
1335
1339
1340
1343
1346
1350
1353
1354
1355
1356
1358
1359
1361
1363
1364
1366
1370
1373
1374
1375
1376
1377
1379
1382
1384
1386
1387
1389
1391
1393
1395
1396
1401
1403
1408
1410
1413
1416
lang3/builder/ToStringBuilder.java
117
136
137
139
152
165
179
200
253
276
277
290
291
304
305
318
319
332
333
346
347
360
361
374
375
388
389
402
403
416
417
430
431
444
445
458
459
472
473
486
487
500
501
514
515
527
528
573
574
618
619
664
665
710
711
756
757
802
803
848
849
863
864
909
910
975
976
978
1009
1010
1012
1022
1031
1043
1058
1059
1061
1063
1076
1078
lang3/RandomStringUtils.java
69
83
97
111
125
143
163
187
225
226
227
228
230
231
234
235
236
238
239
241
242
246
247
251
252
254
255
256
257
259
261
269
270
271
278
279
280
284
286
289
292
310
311
313
329
330
332
lang3/exception/ContextedException.java
169
170
186
188
189
195
197
203
205
211
213
219
221
230
232
243
249
251
lang3/builder/HashCodeBuilder.java
136
151
152
173
174
176
177
178
179
180
181
185
186
187
196
282
335
336
338
339
340
341
342
343
345
381
455
467
468
469
472
488
489
490
491
493
494
495
577
578
591
592
594
595
598
613
614
629
630
632
633
636
649
650
663
664
666
667
670
683
696
697
699
700
703
716
717
730
731
733
734
737
750
751
764
765
767
768
771
788
789
802
803
805
806
809
822
823
829
830
831
832
833
834
835
836
837
838
839
840
841
842
843
844
847
850
853
866
867
869
870
873
886
887
900
901
903
904
907
921
922
933
945
957
959
lang3/text/translate/OctalUnescaper.java
44
46
48
51
56
58
lang3/text/FormattableUtils.java
83
98
100
116
118
134
136
138
139
140
141
143
144
145
147
148
lang3/BitField.java
66
84
95
106
123
139
153
167
179
191
204
216
228
241
254
267
280
lang3/concurrent/ConcurrentUtils.java
61
62
65
66
83
84
87
88
106
108
109
127
129
130
144
146
148
159
160
163
164
184
201
202
204
242
243
246
247
272
273
276
277
278
280
300
301
303
324
352
358
360
367
369
376
378
385
387
lang3/Conversion.java
79
80
81
85
102
103
104
105
106
107
108
109
110
111
112
113
114
115
116
117
118
119
120
121
123
124
126
127
129
130
132
133
135
136
138
139
140
141
162
164
166
168
170
172
174
176
178
180
183
186
189
192
195
198
200
201
222
224
226
228
230
232
234
236
238
240
243
246
249
252
255
258
260
261
282
301
302
304
305
306
307
308
310
313
314
316
320
321
322
324
327
328
330
335
336
337
338
340
343
344
346
350
351
352
354
357
358
360
383
404
407
408
413
414
415
416
417
419
422
423
425
429
430
431
433
436
437
439
444
445
446
447
449
452
453
455
459
460
461
463
466
467
469
492
512
513
515
516
517
518
519
520
521
522
523
524
525
527
530
531
533
537
538
539
541
544
545
547
552
553
554
555
557
560
561
563
567
568
569
571
574
575
577
603
604
605
607
630
631
632
633
634
635
636
637
638
639
640
641
642
643
644
645
646
647
648
649
650
651
652
653
654
655
656
657
658
659
660
661
662
663
685
686
688
692
693
695
696
697
698
700
722
723
725
729
730
732
733
734
735
737
759
760
762
766
767
769
770
771
772
774
796
797
799
803
804
806
807
808
809
811
832
833
835
839
840
842
843
844
845
847
869
870
872
876
877
879
880
881
884
903
904
906
910
911
913
914
915
916
918
937
938
940
944
945
947
948
949
950
952
971
972
974
978
979
981
982
983
986
1005
1006
1008
1012
1013
1015
1016
1017
1020
1042
1043
1045
1049
1050
1052
1053
1054
1055
1057
1078
1079
1081
1085
1086
1088
1089
1090
1091
1093
1115
1116
1118
1122
1123
1125
1126
1127
1130
1152
1153
1155
1158
1159
1161
1162
1163
1166
1187
1188
1190
1194
1196
1199
1221
1222
1224
1228
1230
1233
1255
1256
1258
1262
1264
1267
1289
1290
1292
1296
1298
1301
1322
1323
1325
1329
1331
1334
1356
1357
1359
1363
1365
1368
1388
1389
1391
1395
1396
1397
1399
1401
1402
1403
1405
1408
1428
1429
1431
1435
1436
1437
1439
1440
1441
1442
1443
1445
1448
1468
1469
1471
1475
1476
1477
1479
1480
1481
1482
1483
1485
1488
1508
1509
1511
1515
1516
1517
1519
1520
1521
1522
1523
1525
1528
1550
1551
1553
1557
1559
1560
1562
1584
1585
1587
1591
1593
1594
1596
1618
1619
1621
1625
1626
1628
1629
1631
1653
1654
1656
1659
1661
1662
1664
1684
1687
1690
1691
1692
1694
1711
1714
lang3/SystemUtils.java
1255
1270
1282
1293
1303
1320
1321
1342
1357
1369
1388
1404
1405
1407
1423
1424
1426
1440
1441
1443
lang3/tuple/ImmutablePair.java
58
79
85
87
lang3/builder/ReflectionToStringBuilder.java
113
145
282
296
309
310
312
325
326
327
328
331
345
475
477
479
481
483
485
487
490
492
509
510
511
513
514
515
516
517
518
521
522
549
569
581
592
605
606
619
631
642
643
646
647
649
661
662
663
664
667
679
680
682
683
684
685
686
688
lang3/BooleanUtils.java
64
65
67
87
105
123
141
159
176
177
179
199
217
239
240
242
262
263
265
266
269
290
291
292
294
295
297
298
299
300
303
325
326
328
329
331
332
335
357
358
359
361
362
364
365
367
368
369
370
371
372
375
393
409
427
428
430
447
466
467
469
486
505
506
508
545
546
548
549
553
554
556
558
560
562
565
566
567
569
571
573
575
578
579
580
581
584
586
589
591
594
595
596
597
598
602
604
607
608
609
610
611
612
617
623
646
647
648
650
651
653
654
656
657
658
659
660
661
664
695
713
714
715
716
717
718
719
720
721
725
744
761
778
797
798
800
818
834
850
867
891
892
894
895
897
898
899
902
925
926
928
929
931
932
933
935
959
960
962
963
965
966
967
970
994
995
997
998
1000
1001
1002
1004
1027
1028
1030
1031
1035
1036
1039
1040
1041
1043
1049
1068
1069
1071
1072
1074
1075
1076
1078
lang3/LocaleUtils.java
89
90
92
93
94
96
97
98
99
101
102
103
104
106
107
109
110
112
113
115
117
118
119
121
122
124
125
127
128
130
131
132
134
135
136
138
139
141
142
144
145
147
165
187
188
189
190
191
193
194
196
197
200
214
228
239
253
254
256
257
258
259
260
261
262
264
267
268
269
271
285
286
288
289
290
291
292
293
294
297
300
301
302
304
lang3/math/Fraction.java
142
143
145
148
150
151
153
173
174
176
177
179
180
182
183
188
190
192
210
211
220
223
225
226
229
230
231
232
250
251
253
256
257
265
266
267
268
269
270
271
272
273
275
276
277
278
279
280
281
282
283
285
286
287
288
289
290
291
292
294
295
298
320
321
324
325
326
330
331
332
333
334
335
336
338
339
340
345
346
348
350
351
352
368
377
392
407
421
430
432
441
443
452
454
470
471
473
474
475
477
490
491
494
497
499
513
515
528
529
531
547
548
549
550
551
555
557
578
585
586
607
615
617
641
643
660
661
677
679
695
697
741
742
745
746
748
749
753
756
757
758
759
765
767
769
772
776
777
778
781
797
798
800
801
805
806
807
823
824
826
827
829
843
845
846
848
849
851
852
861
863
865
867
882
885
887
888
892
893
894
895
896
897
899
910
912
913
918
931
932
933
934
935
936
937
943
944
945
947
953
958
lang3/text/translate/NumericEntityEscaper.java
64
74
85
96
105
106
109
110
114
115
116
117
lang3/text/translate/LookupTranslator.java
70
71
72
75
76
77
78
79
80
83
lang3/concurrent/AtomicInitializer.java
82
84
85
86
92
lang3/concurrent/BackgroundInitializer.java
125
136
155
156
160
175
179
180
181
182
184
187
189
192
211
212
214
218
219
232
233
236
249
264
291
301
324
326
327
329
330
lang3/EnumUtils.java
59
61
63
76
91
92
94
95
96
98
114
115
117
118
120
143
144
145
146
147
148
150
170
171
172
173
174
175
177
178
179
181
182
203
224
225
226
227
228
229
230
232
233
250
251
268
269
270
271
272
273
274
277
290
291
294
307
308
309
lang3/time/StopWatch.java
125
126
128
129
131
132
133
149
150
152
153
155
168
169
186
187
189
190
207
208
210
227
228
230
231
248
249
251
252
268
284
285
286
287
288
289
310
328
329
331
343
344
347
363
379
lang3/SerializationException.java
lang3/text/CompositeFormat.java
69
82
84
93
102
113
lang3/tuple/ImmutableTriple.java
62
85
91
93
99
101
lang3/mutable/MutableByte.java
88
97
106
108
118
127
138
149
159
170
180
182
190
192
200
202
210
212
220
222
232
244
246
247
249
257
259
269
271
272
281
283
lang3/JavaVersion.java
105
119
132
133
134
135
136
137
138
139
140
141
142
143
144
145
146
147
148
149
151
165
lang3/exception/DefaultExceptionContext.java
54
55
61
64
65
66
69
70
76
78
79
80
81
84
90
92
93
94
97
103
105
106
107
109
115
117
126
128
129
130
133
134
135
137
139
140
141
142
143
144
145
146
147
148
150
151
152
154
156
158
160
162
lang3/mutable/MutableLong.java
88
97
106
108
118
127
138
149
159
170
180
182
190
192
200
202
210
212
222
234
236
237
239
247
249
259
261
262
271
273
lang3/reflect/ConstructorUtils.java
81
82
85
110
113
116
117
121
145
146
149
174
177
180
181
182
185
204
205
207
222
247
248
249
250
253
258
261
263
265
266
267
268
272
275
280
lang3/CharUtils.java
88
109
110
112
130
131
133
150
151
153
173
174
176
195
196
198
218
219
221
240
241
243
263
264
266
286
287
289
308
309
332
333
335
353
354
355
356
357
358
360
380
381
383
403
422
441
460
479
498
517
536
lang3/tuple/Pair.java
60
92
103
105
116
118
128
130
131
133
134
135
138
147
150
159
161
176
lang3/text/translate/NumericEntityUnescaper.java
71
79
82
83
85
87
88
92
96
102
105
109
112
116
117
119
121
128
129
130
132
135
137
lang3/concurrent/MultiBackgroundInitializer.java
135
136
139
140
144
145
146
149
165
167
168
171
184
186
187
189
194
195
196
198
200
204
205
206
207
208
210
214
264
280
281
293
294
308
309
320
330
343
344
345
349
lang3/CharEncoding.java
95
96
98
99
101
lang3/text/translate/CharSequenceTranslator.java
54
57
58
59
60
76
79
82
83
84
85
86
87
88
90
94
95
108
109
110
111
122
lang3/builder/IDKey.java
54
62
64
67
68
72
lang3/builder/ToStringStyle.java
157
172
173
186
187
188
189
191
208
209
210
211
212
213
342
356
357
358
359
360
361
362
364
365
377
378
379
380
381
382
395
396
398
399
409
410
411
412
413
414
415
416
419
420
439
441
442
445
448
471
473
474
477
479
480
481
482
484
487
488
489
491
494
495
496
501
502
503
508
509
510
515
516
517
522
523
524
529
530
531
536
537
538
543
544
545
550
551
552
554
558
559
561
565
582
595
607
619
632
633
634
648
649
650
662
676
677
678
690
704
705
706
718
732
733
734
746
760
761
762
774
788
789
790
802
816
817
818
830
844
845
846
858
872
874
875
877
878
884
899
900
901
902
903
905
906
909
912
925
926
927
928
929
930
932
933
936
939
952
968
970
971
973
974
980
993
994
995
996
998
1000
1029
1031
1032
1034
1035
1041
1054
1055
1056
1057
1059
1061
1090
1092
1093
1095
1096
1102
1115
1116
1117
1118
1120
1122
1151
1153
1154
1156
1157
1163
1176
1177
1178
1179
1181
1183
1212
1214
1215
1217
1218
1224
1237
1238
1239
1240
1242
1244
1273
1275
1276
1278
1279
1285
1298
1299
1300
1301
1303
1305
1334
1336
1337
1339
1340
1346
1359
1360
1361
1362
1364
1366
1395
1397
1398
1400
1401
1407
1420
1421
1422
1423
1425
1427
1452
1453
1454
1455
1457
1470
1471
1472
1482
1491
1503
1512
1522
1523
1524
1535
1554
1555
1556
1574
1575
1577
1590
1613
1635
1646
1655
1675
1697
1717
1728
1740
1741
1743
1754
1766
1767
1769
1780
1792
1793
1795
1806
1818
1819
1821
1832
1844
1845
1847
1858
1870
1871
1873
1884
1896
1897
1899
1923
1958
1970
1971
1973
1987
2002
2003
2005
2019
2034
2035
2037
2051
2066
2067
2069
2083
2098
2099
2101
lang3/concurrent/LazyInitializer.java
95
97
98
99
100
101
106
lang3/mutable/MutableFloat.java
88
97
106
108
118
127
137
146
157
168
178
189
199
201
209
211
219
221
229
231
241
276
278
287
289
299
301
302
311
313
lang3/text/translate/AggregateTranslator.java
51
52
54
57
lang3/text/StrMatcher.java
81
90
99
109
118
127
136
145
154
164
174
175
177
178
180
190
191
193
194
196
206
207
209
268
301
332
334
365
367
368
369
371
372
373
376
402
404
430
432
lang3/text/translate/EntityArrays.java
lang3/mutable/MutableObject.java
66
74
76
92
94
95
97
98
100
101
102
104
113
115
124
126
lang3/ArrayUtils.java
118
134
135
137
149
163
194
195
197
198
199
200
202
203
204
205
206
210
212
217
260
279
280
282
295
296
298
311
312
314
327
328
330
343
344
346
359
360
362
375
376
378
391
392
394
407
408
410
429
430
432
449
450
452
469
470
472
489
490
492
509
510
512
529
530
532
549
550
552
569
570
572
589
590
592
609
610
612
629
630
632
649
650
652
669
670
672
689
690
692
709
710
712
729
730
732
749
750
752
769
770
772
806
807
809
810
812
813
815
816
817
820
825
826
849
850
852
853
855
856
858
859
860
863
864
865
888
889
891
892
894
895
897
898
899
902
903
904
927
928
930
931
933
934
936
937
938
941
942
943
966
967
969
970
972
973
975
976
977
980
981
982
1005
1006
1008
1009
1011
1012
1014
1015
1016
1019
1020
1021
1044
1045
1047
1048
1050
1051
1053
1054
1055
1058
1059
1060
1083
1084
1086
1087
1089
1090
1092
1093
1094
1097
1098
1099
1122
1123
1125
1126
1128
1129
1131
1132
1133
1136
1137
1138
1155
1158
1160
1173
1176
1178
1191
1194
1196
1209
1212
1214
1227
1230
1232
1245
1248
1250
1263
1266
1268
1281
1284
1286
1299
1302
1304
1329
1330
1332
1345
1346
1348
1363
1364
1366
1367
1368
1369
1370
1371
1372
1373
1374
1386
1387
1389
1390
1391
1392
1393
1394
1395
1396
1397
1409
1410
1412
1413
1414
1415
1416
1417
1418
1419
1420
1432
1433
1435
1436
1437
1438
1439
1440
1441
1442
1443
1455
1456
1458
1459
1460
1461
1462
1463
1464
1465
1466
1478
1479
1481
1482
1483
1484
1485
1486
1487
1488
1489
1501
1502
1504
1505
1506
1507
1508
1509
1510
1511
1512
1524
1525
1527
1528
1529
1530
1531
1532
1533
1534
1535
1547
1548
1550
1551
1552
1553
1554
1555
1556
1557
1558
1578
1596
1597
1599
1600
1602
1603
1604
1605
1608
1609
1610
1611
1615
1629
1647
1648
1650
1651
1652
1653
1655
1656
1657
1658
1661
1662
1663
1664
1668
1681
1697
1715
1716
1718
1719
1721
1722
1723
1726
1740
1758
1759
1761
1762
1763
1764
1766
1767
1768
1771
1784
1800
1818
1819
1821
1822
1824
1825
1826
1829
1843
1861
1862
1864
1865
1866
1867
1869
1870
1871
1874
1887
1903
1921
1922
1924
1925
1927
1928
1929
1932
1946
1964
1965
1967
1968
1969
1970
1972
1973
1974
1977
1990
2007
2026
2027
2029
2030
2032
2033
2034
2037
2052
2071
2072
2074
2075
2076
2077
2079
2080
2081
2084
2098
2114
2132
2133
2135
2136
2138
2139
2140
2143
2157
2175
2176
2178
2179
2180
2181
2183
2184
2185
2188
2201
2217
2234
2252
2253
2255
2256
2258
2259
2260
2263
2284
2285
2287
2288
2290
2291
2292
2293
2294
2297
2311
2328
2346
2347
2349
2350
2351
2352
2354
2355
2356
2359
2380
2381
2383
2384
2385
2386
2388
2389
2390
2391
2392
2395
2408
2425
2441
2459
2460
2462
2463
2465
2466
2467
2470
2484
2502
2503
2505
2506
2507
2508
2510
2511
2512
2515
2528
2544
2563
2564
2566
2567
2569
2570
2571
2574
2589
2607
2608
2610
2611
2612
2613
2615
2616
2617
2620
2633
2651
2652
2653
2654
2656
2657
2658
2660
2673
2674
2675
2676
2678
2679
2680
2681
2683
2695
2696
2697
2698
2700
2701
2702
2704
2719
2720
2721
2722
2724
2725
2726
2728
2741
2742
2743
2744
2746
2747
2748
2749
2751
2763
2764
2765
2766
2768
2769
2770
2772
2787
2788
2789
2790
2792
2793
2794
2796
2809
2810
2811
2812
2814
2815
2816
2817
2819
2831
2832
2833
2834
2836
2837
2838
2840
2855
2856
2857
2858
2860
2861
2862
2864
2877
2878
2879
2880
2882
2883
2884
2885
2887
2899
2900
2901
2902
2904
2905
2906
2908
2923
2924
2925
2926
2928
2929
2930
2932
2945
2946
2947
2948
2950
2951
2952
2953
2955
2967
2968
2969
2970
2972
2973
2974
2976
2991
2992
2993
2994
2996
2997
2998
3000
3013
3014
3015
3016
3018
3019
3020
3021
3023
3035
3036
3037
3038
3040
3041
3042
3044
3059
3060
3061
3062
3064
3065
3066
3068
3081
3082
3083
3084
3086
3087
3088
3089
3091
3103
3104
3105
3106
3108
3109
3110
3112
3127
3128
3129
3130
3132
3133
3134
3136
3149
3150
3151
3152
3154
3155
3156
3157
3159
3171
3172
3173
3174
3176
3177
3178
3180
3192
3203
3214
3225
3236
3247
3258
3269
3280
3293
3304
3315
3326
3337
3348
3359
3370
3381
3409
3410
3411
3412
3414
3418
3419
3420
3428
3435
3456
3457
3458
3459
3461
3462
3463
3464
3485
3486
3487
3488
3490
3491
3492
3493
3514
3515
3516
3517
3519
3520
3521
3522
3543
3544
3545
3546
3548
3549
3550
3551
3572
3573
3574
3575
3577
3578
3579
3580
3601
3602
3603
3604
3606
3607
3608
3609
3630
3631
3632
3633
3635
3636
3637
3638
3659
3660
3661
3662
3664
3665
3666
3667
3700
3702
3703
3704
3706
3711
3712
3738
3739
3765
3766
3792
3793
3819
3820
3846
3847
3873
3874
3900
3901
3927
3928
3941
3942
3943
3944
3945
3947
3981
3982
3983
3984
3985
3987
3991
4022
4054
4085
4116
4147
4178
4209
4240
4255
4256
4257
4259
4260
4261
4263
4264
4265
4267
4268
4269
4270
4271
4273
4307
4337
4338
4339
4341
4373
4402
4403
4404
4406
4438
4467
4468
4469
4471
4503
4532
4533
4534
4536
4568
4597
4598
4599
4601
4633
4662
4663
4664
4666
4698
4727
4728
4729
4731
4763
4792
4793
4794
4796
4828
4857
4858
4859
4861
4886
4887
4888
4891
4892
4893
4894
4897
4928
4960
4961
4963
4964
4965
4966
4967
4969
4972
4973
4974
4975
4976
4977
4978
4979
4981
4987
5020
5051
5052
5054
5055
5056
5057
5058
5059
5061
5064
5065
5066
5067
5068
5069
5070
5071
5073
5076
5109
5140
5141
5143
5144
5145
5146
5147
5148
5150
5153
5154
5155
5156
5157
5158
5159
5160
5162
5165
5198
5229
5230
5232
5233
5234
5235
5236
5237
5239
5242
5243
5244
5245
5246
5247
5248
5249
5251
5254
5287
5318
5319
5321
5322
5323
5324
5325
5326
5328
5331
5332
5333
5334
5335
5336
5337
5338
5340
5343
5376
5407
5408
5410
5411
5412
5413
5414
5415
5417
5420
5421
5422
5423
5424
5425
5426
5427
5429
5432
5465
5496
5497
5499
5500
5501
5502
5503
5504
5506
5509
5510
5511
5512
5513
5514
5515
5516
5518
5521
5554
5585
5586
5588
5589
5590
5591
5592
5593
5595
5598
5599
5600
5601
5602
5603
5604
5605
5607
5610
5639
5670
5671
5674
5675
5676
5677
5678
5680
5683
5684
5685
5686
5687
5688
5689
5690
5692
5695
5707
5710
5711
5713
5714
5715
5716
5717
5718
5720
5721
5723
5724
5727
5728
5731
5732
5734
5735
5736
5739
5741
5742
5745
5758
5766
5769
5770
5772
5773
5774
5775
5777
5779
5780
5781
5783
lang3/exception/ExceptionUtils.java
122
124
140
142
143
146
147
150
151
152
153
154
159
180
193
194
195
202
203
204
213
234
257
258
281
282
283
284
286
305
328
348
372
387
388
390
391
393
394
395
397
398
399
400
404
405
406
410
433
456
457
459
460
463
464
466
489
490
492
493
496
497
499
517
518
521
522
523
525
526
527
528
530
531
533
535
536
539
551
552
554
555
556
559
560
561
562
564
565
583
584
585
586
641
642
643
644
645
646
647
649
650
651
652
653
654
657
672
673
675
676
677
692
693
694
lang3/reflect/MemberUtils.java
55
58
59
75
84
100
101
102
113
114
115
116
117
118
120
132
133
135
136
137
143
144
146
147
153
154
156
167
168
169
171
172
174
175
176
177
178
182
lang3/text/translate/JavaUnicodeEscaper.java
80
110
111
lang3/text/StrSubstitutor.java
150
167
179
183
184
186
187
189
200
301
302
304
305
306
308
324
325
327
328
329
331
344
345
347
348
349
366
367
369
370
371
384
385
387
388
389
406
407
409
410
411
424
425
427
428
429
446
447
449
450
451
464
465
467
468
469
482
483
485
502
503
505
506
509
510
522
523
525
541
542
544
563
579
580
581
583
584
585
586
587
588
589
590
592
593
596
598
600
601
602
605
606
607
608
609
610
614
615
616
619
621
622
625
626
629
630
631
632
634
635
638
639
640
645
646
649
651
653
654
655
656
658
660
661
662
668
670
672
673
680
681
683
693
694
696
697
698
699
700
701
722
723
724
726
737
748
763
778
779
781
782
796
810
811
813
828
843
844
846
847
861
875
876
878
889
898
910
924
lang3/builder/CompareToBuilder.java
135
167
268
275
276
278
279
281
282
283
285
286
287
288
289
291
313
314
315
316
317
321
322
342
345
346
370
399
400
402
403
405
406
407
409
410
411
413
417
418
419
420
421
422
423
424
425
426
427
428
429
430
431
432
436
440
443
447
450
463
466
467
479
482
483
495
498
499
511
514
515
527
530
531
548
551
552
569
572
573
585
588
589
591
592
594
596
621
648
651
652
654
655
656
658
659
660
662
663
664
666
667
669
688
691
692
694
695
696
698
699
700
702
703
704
706
707
709
728
731
732
734
735
736
738
739
740
742
743
744
746
747
749
768
771
772
774
775
776
778
779
780
782
783
784
786
787
789
808
811
812
814
815
816
818
819
820
822
823
824
826
827
829
848
851
852
854
855
856
858
859
860
862
863
864
866
867
869
888
891
892
894
895
896
898
899
900
902
903
904
906
907
909
928
931
932
934
935
936
938
939
940
942
943
944
946
947
949
968
971
972
974
975
976
978
979
980
982
983
984
986
987
989
1003
1018
lang3/SerializationUtils.java
79
80
82
83
85
86
88
97
104
105
106
132
133
135
136
138
139
142
144
145
146
163
164
165
201
202
204
205
207
210
215
217
219
220
221
250
251
253
306
307
308
310
311
313
314
315
lang3/time/DateFormatUtils.java
131
142
154
166
177
188
201
213
225
251
263
277
290
303
304
319
320
lang3/text/translate/CodePointTranslator.java
37
38
39
40
42
lang3/concurrent/ConcurrentRuntimeException.java
lang3/time/DateUtils.java
155
156
158
159
160
161
162
179
180
182
200
201
203
218
219
221
238
239
241
267
290
310
332
354
355
358
359
360
362
365
366
367
369
372
373
376
377
379
381
382
385
386
387
390
404
418
432
446
460
474
488
502
517
520
521
522
523
538
553
568
584
599
614
629
646
650
651
652
653
654
667
668
669
700
701
703
704
705
706
737
738
740
741
742
774
775
777
778
779
780
782
803
804
806
807
808
809
828
829
831
832
833
853
854
856
857
858
859
861
883
884
886
887
888
889
909
910
912
913
914
935
936
938
939
940
941
943
957
958
961
962
971
972
973
976
977
978
980
981
985
986
987
989
990
994
995
996
1000
1001
1002
1006
1007
1008
1009
1011
1012
1016
1017
1019
1020
1023
1027
1028
1030
1031
1037
1040
1044
1045
1048
1049
1053
1056
1057
1060
1061
1063
1064
1065
1068
1069
1070
1072
1073
1075
1077
1078
1079
1081
1083
1086
1087
1090
1120
1121
1123
1124
1125
1153
1154
1156
1157
1158
1159
1161
1162
1164
1166
1167
1168
1170
1171
1172
1174
1175
1176
1177
1178
1180
1181
1183
1185
1186
1187
1188
1189
1190
1191
1192
1193
1194
1195
1196
1197
1199
1200
1201
1203
1204
1206
1209
1210
1212
1213
1215
1216
1218
1219
1221
1241
1242
1244
1245
1246
1247
1249
1287
1327
1367
1407
1447
1487
1526
1566
1606
1648
1666
1667
1668
1686
1687
1691
1692
1693
1694
1695
1696
1701
1702
1705
1706
1707
1709
1710
1712
1713
1715
1716
1717
1721
1808
1810
1812
1813
1814
1815
1816
1817
1818
1819
1820
1821
1822
1823
1824
1825
1828
1859
1867
1869
1870
1872
1873
1882
1884
lang3/time/DurationFormatUtils.java
76
91
106
124
130
133
134
137
138
141
142
145
146
149
152
174
175
177
178
179
180
181
182
183
184
185
186
191
193
196
197
198
199
200
201
202
203
204
205
211
212
213
214
215
216
243
278
282
283
284
285
288
289
290
291
292
293
294
297
301
305
309
310
311
314
315
316
317
318
321
322
323
326
327
328
329
336
337
339
342
343
346
349
352
354
357
361
362
365
367
379
380
381
383
384
385
387
388
389
391
392
393
396
416
417
418
419
420
421
422
423
424
426
427
429
430
431
433
434
435
437
438
439
441
442
443
445
446
447
449
450
451
452
453
456
458
462
466
484
485
487
490
491
492
493
494
495
497
499
502
503
504
505
507
508
509
511
512
513
514
515
516
517
518
519
520
521
522
523
524
525
526
527
528
529
530
531
532
533
534
535
536
538
541
542
543
545
546
547
549
552
569
570
571
572
575
607
616
625
636
637
638
639
641
642
644
645
646
647
649
652
672
674
lang3/text/WordUtils.java
67
89
90
92
93
95
96
98
99
100
102
103
104
105
107
109
111
112
113
117
119
120
121
124
125
126
127
128
130
131
138
140
168
201
202
203
205
206
207
208
209
210
211
212
213
216
240
270
271
272
274
275
297
326
327
328
330
331
332
333
334
335
336
337
338
341
368
369
371
373
375
376
377
378
379
380
381
382
383
384
385
386
388
391
394
421
452
453
455
456
458
459
460
461
462
463
465
466
467
468
469
474
486
487
489
490
491
494
lang3/text/translate/UnicodeEscaper.java
64
74
85
96
104
105
106
109
110
115
116
117
119
121
122
126
lang3/text/StrTokenizer.java
139
152
165
166
167
180
181
182
191
204
215
216
217
228
229
230
397
398
409
410
412
421
422
424
433
434
443
444
445
446
448
459
460
461
473
474
475
477
479
491
492
493
505
506
515
517
518
520
528
530
538
540
541
549
551
552
554
562
564
572
574
582
584
592
594
603
604
606
607
609
610
636
637
639
640
641
644
646
649
650
653
663
664
665
667
668
671
688
689
692
695
697
701
702
703
707
708
709
710
714
715
716
718
739
740
741
742
744
748
755
756
758
759
760
761
765
766
767
771
772
778
779
781
782
786
787
788
789
793
794
795
796
802
803
804
805
806
810
811
816
817
832
833
834
837
848
860
861
863
865
875
885
900
913
914
916
929
944
957
958
960
973
988
1001
1002
1004
1015
1026
1027
1038
1049
1050
1060
1061
1063
1074
1076
1077
1079
1092
1093
1094
1096
1097
1106
1108
1109
1111
lang3/builder/EqualsBuilder.java
121
135
136
137
154
155
156
158
172
173
174
178
179
180
196
197
198
199
200
202
203
204
271
295
326
327
329
330
336
337
338
339
340
341
343
345
346
347
349
353
355
356
357
358
359
360
368
370
392
393
396
397
398
399
400
401
402
406
407
416
430
433
434
448
449
451
452
454
455
456
458
459
461
462
464
468
469
470
471
472
473
474
475
476
477
478
479
480
481
482
483
486
488
503
506
507
518
521
522
533
536
537
548
551
552
563
566
567
584
587
604
607
618
621
622
636
639
640
642
643
644
646
650
651
653
667
670
671
673
674
675
677
681
682
684
698
701
702
704
705
706
708
712
713
715
729
732
733
735
736
737
739
743
744
746
760
763
764
766
767
768
770
774
775
777
791
794
795
797
798
799
801
805
806
808
822
825
826
828
829
830
832
836
837
839
853
856
857
859
860
861
863
867
868
870
884
887
888
890
891
892
894
898
899
901
911
925
935
943
lang3/mutable/MutableShort.java
88
97
106
108
118
127
138
149
159
170
180
182
190
192
200
202
210
212
220
222
232
244
246
247
249
257
259
269
271
272
281
283
lang3/StringUtils.java
217
236
256
257
258
260
261
262
265
286
315
341
342
367
395
422
423
425
426
452
482
483
485
486
514
515
516
518
519
520
521
523
524
526
527
530
559
560
561
564
565
566
568
569
571
572
575
600
629
630
631
633
634
635
637
660
663
692
693
695
696
698
699
701
726
727
728
729
730
731
733
760
761
763
793
794
796
824
825
827
864
865
867
905
923
924
926
927
929
930
931
932
933
935
937
938
940
941
942
971
1007
1008
1010
1011
1013
1014
1015
1017
1018
1020
1021
1022
1025
1051
1052
1054
1086
1087
1089
1116
1117
1119
1157
1190
1191
1193
1220
1221
1223
1256
1257
1259
1260
1262
1263
1265
1266
1269
1270
1271
1274
1300
1301
1303
1329
1330
1332
1360
1361
1363
1364
1365
1366
1367
1370
1383
1384
1386
1387
1388
1389
1392
1421
1422
1424
1425
1426
1427
1428
1429
1430
1431
1432
1434
1435
1438
1443
1470
1471
1473
1503
1504
1506
1507
1508
1509
1510
1511
1512
1513
1514
1515
1517
1519
1520
1524
1529
1561
1562
1564
1594
1595
1597
1598
1599
1600
1601
1602
1603
1604
1605
1606
1607
1608
1611
1615
1617
1644
1645
1647
1648
1649
1650
1651
1652
1653
1654
1657
1658
1662
1691
1692
1694
1695
1697
1698
1700
1727
1728
1730
1759
1760
1762
1763
1764
1765
1766
1767
1768
1769
1770
1771
1773
1775
1776
1780
1785
1812
1813
1815
1848
1849
1851
1854
1856
1857
1858
1859
1860
1862
1863
1864
1867
1868
1872
1902
1903
1905
1906
1907
1908
1909
1910
1911
1913
1914
1915
1918
1948
1949
1953
1957
1958
1960
1961
1964
2003
2004
2008
2011
2016
2017
2021
2022
2025
2026
2028
2029
2032
2058
2059
2061
2062
2064
2065
2067
2091
2092
2094
2095
2097
2098
2100
2129
2130
2132
2133
2135
2136
2138
2139
2141
2174
2175
2177
2178
2180
2181
2182
2184
2216
2217
2219
2220
2222
2223
2224
2226
2257
2258
2260
2261
2262
2264
2297
2298
2300
2301
2303
2304
2305
2307
2334
2365
2366
2368
2369
2370
2371
2372
2375
2401
2402
2404
2405
2406
2408
2409
2410
2411
2412
2413
2414
2415
2417
2418
2419
2420
2422
2423
2425
2426
2459
2487
2516
2550
2608
2670
2689
2690
2693
2695
2696
2699
2701
2704
2706
2707
2708
2709
2710
2711
2713
2714
2715
2717
2718
2719
2723
2728
2732
2733
2734
2735
2736
2738
2741
2745
2746
2750
2779
2815
2833
2834
2836
2837
2838
2840
2841
2842
2843
2844
2845
2846
2847
2848
2849
2851
2852
2854
2855
2856
2858
2859
2861
2898
2938
2960
2961
2963
2964
2965
2967
2968
2969
2970
2971
2972
2974
2975
2976
2977
2978
2979
2980
2982
2983
2985
2986
2988
2989
2990
2992
2994
2995
2996
2997
2998
2999
3000
3001
3003
3004
3006
3007
3009
3010
3011
3015
3016
3017
3018
3019
3020
3021
3023
3024
3026
3027
3029
3030
3031
3034
3035
3037
3060
3088
3106
3107
3109
3110
3112
3113
3114
3115
3116
3117
3118
3119
3121
3122
3123
3124
3125
3128
3129
3131
3133
3134
3162
3188
3189
3191
3220
3221
3223
3252
3253
3255
3284
3285
3287
3316
3317
3319
3348
3349
3351
3380
3381
3383
3412
3413
3415
3446
3449
3450
3451
3453
3454
3455
3456
3458
3459
3462
3497
3500
3501
3504
3505
3506
3507
3509
3511
3546
3549
3550
3553
3554
3555
3556
3558
3560
3595
3598
3599
3602
3603
3604
3605
3607
3609
3644
3647
3648
3651
3652
3653
3654
3656
3658
3693
3696
3697
3700
3701
3702
3703
3705
3707
3742
3745
3746
3749
3750
3751
3752
3754
3756
3791
3794
3795
3798
3799
3800
3801
3803
3805
3833
3834
3836
3875
3878
3879
3884
3885
3886
3889
3891
3892
3893
3895
3896
3899
3919
3920
3922
3923
3925
3926
3927
3932
3933
3936
3937
3938
3939
3940
3944
3963
3964
3966
3967
3969
3970
3971
3976
3977
3980
3981
3982
3984
3985
3986
3989
4007
4008
4010
4028
4029
4031
4051
4052
4054
4055
4056
4057
4058
4059
4062
4063
4065
4095
4096
4099
4101
4130
4131
4133
4134
4136
4164
4165
4167
4168
4170
4200
4201
4203
4204
4206
4233
4234
4236
4259
4260
4262
4263
4264
4265
4266
4269
4298
4322
4338
4365
4397
4398
4400
4401
4402
4403
4405
4406
4407
4408
4409
4410
4411
4412
4413
4414
4416
4418
4419
4462
4512
4513
4570
4572
4576
4577
4581
4582
4585
4593
4596
4597
4598
4602
4603
4605
4607
4610
4611
4613
4614
4615
4622
4623
4626
4629
4632
4633
4634
4636
4637
4642
4644
4646
4648
4649
4651
4653
4655
4656
4657
4660
4661
4663
4665
4668
4669
4671
4672
4673
4680
4681
4682
4684
4685
4686
4689
4715
4716
4718
4758
4759
4761
4762
4764
4765
4766
4767
4768
4769
4770
4771
4772
4773
4774
4777
4780
4781
4783
4818
4819
4821
4822
4824
4825
4826
4828
4829
4831
4832
4834
4835
4837
4838
4839
4840
4842
4877
4878
4881
4882
4883
4884
4886
4889
4890
4892
4893
4894
4896
4897
4899
4960
4961
4963
4964
4965
4967
4968
4969
4970
4971
4973
5002
5003
5005
5006
5008
5009
5010
5012
5013
5016
5019
5021
5022
5023
5024
5025
5026
5028
5030
5031
5032
5034
5060
5063
5064
5091
5092
5093
5095
5118
5143
5144
5146
5147
5150
5151
5153
5180
5181
5183
5184
5186
5187
5188
5189
5192
5193
5196
5197
5198
5199
5201
5202
5203
5204
5206
5230
5255
5256
5258
5259
5262
5263
5265
5292
5293
5295
5296
5298
5299
5300
5301
5304
5305
5308
5309
5310
5311
5313
5314
5315
5316
5318
5334
5363
5391
5392
5394
5395
5396
5397
5399
5400
5401
5431
5432
5434
5435
5437
5438
5439
5440
5442
5443
5444
5469
5470
5472
5492
5493
5495
5518
5519
5521
5541
5542
5544
5568
5569
5570
5572
5599
5600
5601
5603
5637
5638
5641
5643
5644
5645
5646
5647
5649
5650
5653
5679
5680
5682
5683
5684
5685
5686
5688
5714
5715
5717
5718
5719
5720
5723
5749
5750
5752
5753
5754
5755
5758
5784
5785
5787
5788
5789
5790
5793
5819
5820
5822
5823
5824
5825
5828
5858
5859
5861
5862
5863
5864
5867
5901
5902
5904
5905
5906
5907
5910
5938
5939
5941
5942
5943
5944
5947
5971
5972
5974
5975
5976
5977
5980
6003
6004
6006
6007
6008
6009
6012
6035
6036
6038
6039
6040
6041
6044
6066
6087
6109
6131
6151
6152
6154
6177
6178
6182
6183
6184
6222
6261
6262
6264
6265
6267
6268
6270
6271
6273
6274
6276
6277
6278
6280
6281
6283
6284
6286
6319
6320
6324
6331
6333
6334
6336
6370
6371
6373
6374
6376
6377
6378
6380
6409
6410
6412
6413
6415
6416
6417
6418
6421
6422
6460
6461
6463
6464
6465
6466
6467
6472
6473
6474
6475
6477
6478
6479
6484
6485
6489
6490
6494
6495
6496
6497
6498
6499
6500
6503
6504
6508
6512
6514
6551
6552
6554
6555
6557
6558
6560
6561
6563
6566
6609
6610
6633
6634
6635
6636
6639
6641
6642
6643
6644
6645
6660
6661
6664
6665
6666
6668
6669
6671
6675
6676
6677
6682
6718
6719
6721
6722
6773
6774
6775
6776
6779
6781
6782
6783
6784
6785
6793
6794
6795
6799
6800
6803
6805
6808
6809
6812
6813
6817
6818
6822
6823
6825
6828
6833
6834
6835
6840
6841
6843
6873
6899
6914
6915
6917
6918
6920
6943
6944
6946
6947
6948
6951
6981
7008
7023
7024
7026
7027
7029
7030
7075
7076
7078
7100
7101
7103
7104
7105
7108
7123
7124
7126
7127
7128
7129
7133
7171
7209
7224
7225
7227
7228
7229
7230
7234
7272
7310
7328
lang3/concurrent/AtomicSafeInitializer.java
74
76
77
78
82
lang3/mutable/MutableInt.java
88
97
106
108
118
127
138
149
159
170
180
182
190
192
200
202
210
212
222
234
236
237
239
247
249
259
261
262
271
273
lang3/time/FastDateFormat.java
91
106
119
134
148
165
180
195
211
227
242
257
273
289
305
321
338
353
355
384
386
396
398
407
409
418
420
470
472
486
488
498
500
510
512
520
522
546
548
549
551
553
561
563
571
573
lang3/time/FormatCache.java
54
70
73
74
76
77
79
80
81
82
84
90
121
122
124
125
143
160
178
192
194
195
196
197
198
199
201
202
205
208
209
219
252
263
lang3/ObjectUtils.java
94
120
121
122
123
127
152
153
155
156
158
181
199
223
224
225
226
229
251
252
254
255
256
275
276
278
303
326
345
346
347
348
349
353
370
371
372
373
374
378
392
409
410
411
412
413
414
416
430
431
432
433
437
452
453
454
455
456
460
474
475
476
477
478
479
481
484
485
486
487
488
489
490
491
492
495
497
512
513
514
515
516
517
519
520
521
522
526
527
528
530
543
546
566
567
606
688
689
691
750
751
753
lang3/CharSet.java
139
140
142
143
144
145
148
174
175
178
179
180
181
182
184
185
186
188
189
190
192
193
196
197
212
224
225
226
229
247
248
250
251
253
254
263
265
273
275
lang3/CharSequenceUtils.java
56
70
71
73
74
77
78
79
95
117
118
120
121
124
125
127
128
129
145
164
165
189
190
192
193
194
196
197
198
200
201
204
205
215
lang3/exception/CloneFailedException.java
lang3/exception/ContextedRuntimeException.java
169
170
186
188
189
195
197
203
205
211
213
219
221
230
232
243
249
251
lang3/math/IEEE754rUtils.java
39
40
41
42
46
47
48
51
64
65
66
67
71
72
73
76
90
104
107
109
124
138
141
143
158
159
160
164
165
166
169
182
183
184
185
189
190
191
194
208
222
225
227
242
256
259
261
lang3/concurrent/CallableBackgroundInitializer.java
111
122
123
lang3/CharSetUtils.java
65
66
68
69
70
71
72
73
74
75
77
78
80
81
83
107
108
110
111
112
113
116
140
141
143
144
145
146
147
150
175
176
178
179
181
205
206
208
221
222
223
224
227
230
241
242
243
244
248
lang3/tuple/Triple.java
60
96
107
109
110
112
113
114
118
126
128
138
140
156
lang3/text/translate/UnicodeUnescaper.java
37
39
40
41
44
45
48
50
52
53
54
58
60
64
lang3/concurrent/TimedSemaphore.java
232
246
255
257
260
262
263
266
278
293
294
297
298
301
302
303
304
305
307
309
323
333
348
361
373
382
391
402
403
405
416
417
418
419
420
lang3/tuple/MutablePair.java
53
81
90
96
98
107
117
119
120
121
lang3/builder/StandardToStringStyle.java
99
101
lang3/time/FastDatePrinter.java
148
149
151
153
156
168
169
171
172
173
174
175
176
178
179
181
182
183
184
186
187
191
192
196
197
199
200
202
204
206
207
208
209
210
211
213
215
217
218
220
221
223
224
226
227
229
230
232
233
235
236
238
239
241
242
244
245
247
248
250
251
253
254
256
257
259
260
262
264
266
267
269
271
273
274
275
277
279
280
281
284
287
298
300
301
303
304
307
309
310
311
312
313
315
320
322
324
325
327
328
330
331
333
335
337
338
340
345
346
358
359
360
361
362
363
380
381
395
398
399
403
408
414
417
418
424
426
440
443
444
450
452
464
465
467
475
477
483
485
491
493
517
519
520
522
523
533
535
543
545
559
560
617
619
625
627
650
652
658
660
686
688
690
691
692
695
701
703
725
727
733
735
741
743
745
749
771
773
779
781
787
789
823
825
831
833
839
841
842
843
848
849
850
852
853
855
856
858
881
883
889
891
897
899
903
924
926
932
934
940
963
965
971
973
979
1005
1007
1050
1052
1090
1091
1092
1094
1095
1096
1100
1130
1135
1141
1143
1144
1146
1148
1175
1177
1183
1185
1187
1188
1189
1191
1194
1198
1199
1202
1238
1246
1248
1251
1253
lang3/concurrent/ConcurrentException.java
lang3/text/StrLookup.java
68
83
97
162
163
165
166
167
169
lang3/reflect/MethodUtils.java
86
87
89
90
112
116
117
119
120
122
124
125
129
153
154
156
157
179
183
184
186
187
189
191
192
196
222
223
225
226
228
229
230
233
263
264
266
267
292
296
297
299
300
302
304
305
308
329
332
333
335
336
353
354
357
370
371
374
375
376
378
379
382
386
387
390
405
406
407
408
409
411
436
439
442
443
445
446
449
450
458
459
469
494
495
496
497
501
502
503
505
507
508
512
516
517
519
lang3/event/EventListenerSupport.java
106
163
179
180
189
201
202
212
221
224
225
226
227
228
231
238
252
258
270
271
280
290
312
313
315
lang3/mutable/MutableDouble.java
88
97
106
108
118
127
137
146
157
168
178
189
199
201
209
211
219
221
229
231
241
274
276
285
287
288
298
300
301
310
312
lang3/text/StrBuilder.java
142
152
153
163
173
174
176
177
188
200
201
203
204
205
206
207
208
209
210
211
214
224
234
235
236
237
239
248
249
250
251
253
266
278
293
294
307
309
310
312
326
327
329
330
343
344
346
347
357
358
361
362
376
377
378
379
382
383
393
394
395
397
398
412
413
415
416
418
419
421
436
437
439
449
451
462
463
465
476
478
481
494
496
499
510
511
513
514
515
516
517
518
520
534
535
537
538
540
541
543
544
545
546
547
549
562
573
574
576
577
578
579
580
581
583
596
597
599
600
602
603
605
606
607
608
609
611
623
626
627
628
629
630
631
633
647
650
651
653
654
656
657
658
659
660
662
673
674
676
677
678
679
680
681
683
696
697
699
700
702
703
705
706
707
708
709
711
722
723
725
726
727
728
729
730
732
745
746
748
749
751
752
754
755
756
757
758
760
770
771
772
773
774
775
777
778
779
780
781
782
784
794
796
797
798
799
809
819
829
839
852
864
878
891
903
915
929
943
955
969
981
995
1006
1028
1039
1050
1061
1076
1077
1078
1081
1094
1095
1096
1099
1112
1113
1114
1117
1132
1133
1134
1135
1136
1137
1140
1154
1155
1156
1157
1158
1159
1160
1164
1178
1179
1180
1181
1182
1183
1187
1212
1243
1244
1245
1247
1270
1271
1273
1288
1289
1291
1293
1317
1318
1320
1344
1345
1347
1359
1360
1361
1362
1365
1381
1382
1383
1384
1385
1387
1388
1389
1391
1392
1393
1395
1397
1399
1413
1428
1429
1430
1431
1432
1434
1435
1436
1438
1439
1440
1441
1444
1446
1460
1474
1475
1477
1490
1491
1492
1494
1495
1496
1497
1498
1499
1500
1501
1504
1517
1518
1519
1521
1522
1523
1524
1525
1526
1528
1543
1544
1545
1547
1548
1550
1551
1553
1554
1555
1556
1557
1559
1571
1572
1573
1574
1575
1576
1577
1578
1579
1581
1582
1583
1584
1585
1586
1587
1588
1590
1602
1603
1604
1605
1606
1607
1619
1631
1643
1655
1668
1669
1682
1683
1684
1685
1687
1698
1699
1700
1701
1702
1703
1706
1707
1708
1711
1721
1722
1723
1724
1727
1738
1739
1740
1741
1742
1743
1746
1756
1757
1758
1759
1760
1763
1778
1792
1807
1808
1809
1810
1811
1813
1814
1830
1831
1832
1833
1846
1847
1848
1849
1853
1865
1866
1867
1868
1869
1873
1885
1886
1887
1888
1889
1890
1891
1894
1905
1906
1907
1908
1909
1910
1913
1929
1944
1964
1967
1968
1989
1990
1992
1993
1994
1995
1996
1997
1998
1999
2000
2001
2005
2015
2016
2019
2020
2022
2023
2024
2026
2037
2038
2040
2041
2042
2043
2044
2046
2047
2049
2050
2052
2053
2055
2068
2069
2071
2072
2073
2075
2076
2078
2079
2080
2083
2095
2096
2098
2099
2100
2102
2103
2105
2107
2108
2111
2119
2121
2122
2124
2125
2127
2128
2130
2141
2158
2159
2175
2176
2177
2178
2180
2197
2198
2199
2200
2202
2223
2224
2226
2227
2229
2230
2232
2244
2245
2246
2247
2250
2260
2275
2286
2297
2298
2299
2301
2302
2303
2304
2307
2319
2333
2334
2335
2337
2338
2339
2341
2342
2344
2345
2347
2348
2349
2350
2351
2352
2353
2356
2358
2372
2388
2389
2390
2392
2393
2394
2395
2396
2399
2410
2421
2422
2423
2425
2426
2427
2430
2442
2456
2457
2458
2460
2461
2462
2463
2466
2467
2468
2469
2470
2473
2476
2477
2479
2493
2509
2510
2511
2513
2514
2515
2516
2517
2520
2557
2581
2606
2648
2649
2651
2652
2656
2657
2658
2659
2663
2674
2675
2677
2678
2682
2683
2684
2687
2697
2699
2700
2702
2710
2713
2714
2715
2717
2730
2732
2742
2753
2762
2764
2778
2779
2781
2782
2784
2785
2787
2797
2798
2816
2818
2819
2826
2828
2829
2830
2855
2861
2863
2864
2866
2870
2872
2874
2876
2877
2879
2880
2882
2883
2885
2886
2887
2891
2893
2894
2896
2897
2899
2900
2904
2906
2910
2912
2916
2918
2922
2924
2942
2948
2954
2956
2960
2962
2966
2968
2972
2974
2978
2980
lang3/Range.java
76
94
114
135
173
182
194
206
219
220
222
232
233
235
245
246
248
258
259
261
271
272
274
288
290
292
293
294
295
297
314
315
317
331
332
334
350
351
353
368
369
371
382
383
386
387
389
390
391
408
409
410
411
416
426
428
429
430
431
432
433
434
436
446
448
449
450
451
452
453
454
455
456
457
459
475
489
491
lang3/time/FastDateParser.java
109
113
117
124
126
127
130
132
137
141
155
161
163
169
171
187
190
192
193
203
205
213
215
229
230
244
249
256
262
264
270
275
279
283
286
300
303
304
311
312
329
331
333
334
346
357
375
389
427
428
433
434
435
436
437
438
439
440
441
442
443
444
445
446
447
449
450
451
452
453
454
455
456
457
458
459
460
461
462
463
464
465
466
467
469
470
471
488
510
530
536
542
544
545
570
572
574
577
583
585
595
617
619
625
628
631
633
639
641
650
658
664
705
707
708
714
716
729
734
747
753
lang3/text/ExtendedMessageFormat.java
136
144
146
147
148
149
151
152
153
155
156
157
158
160
161
162
163
164
165
166
167
168
169
170
171
172
173
175
176
177
180
181
182
183
184
189
190
191
194
195
196
197
200
201
202
203
204
207
263
265
266
268
271
272
274
278
281
284
292
294
295
296
297
307
308
309
310
311
312
313
315
316
317
320
331
332
333
334
335
336
337
345
346
347
353
354
373
374
375
376
377
382
383
384
385
405
408
409
410
411
412
413
415
416
417
418
419
420
421
422
424
425
426
429
430
431
433
434
435
438
448
449
450
451
452
463
464
479
480
481
482
483
485
486
487
495
496
497
525
528
529
530
lang3/StringEscapeUtils.java
181
182
188
308
316
317
373
402
511
524
546
560
584
634
660
lang3/concurrent/ConstantInitializer.java
69
81
90
92
104
106
107
109
110
113
114
124
126
